$ 0 0.000005 10.20027730826997 50 5 50 5e-11
f 272 144 336 144 5 1.5 0.02
w 336 160 336 192 0
R 336 128 336 80 0 0 40 5 0 0 0.5
f 272 208 336 208 5 1.5 0.02
w 336 224 336 240 0
w 336 240 336 256 0
f 272 272 336 272 4 1.5 0.02
M 336 240 400 240 0 2.5
f 176 272 240 272 4 1.5 0.02
w 240 240 240 256 0
w 240 240 336 240 0
g 240 288 240 320 0 0
g 336 288 336 320 0 0
w 272 208 272 272 0
w 176 144 176 272 0
w 176 144 272 144 0
L 176 144 128 144 0 1 false 5 0
L 272 208 128 208 0 1 false 5 0
