$ 0 0.000005 10.20027730826997 50 5 50 5e-11
f 288 128 352 128 5 1.5 0.02
f 288 224 352 224 4 1.5 0.02
w 352 144 352 176 0
w 352 176 352 208 0
M 352 176 416 176 0 2.5
f 288 288 352 288 4 1.5 0.02
w 352 240 352 272 0
g 352 304 352 336 0 0
w 288 128 288 224 0
f 192 128 256 128 5 1.5 0.02
w 256 80 256 112 0
w 256 80 352 80 0
w 352 80 352 112 0
R 256 80 192 80 0 0 40 5 0 0 0.5
w 192 128 192 288 0
w 192 288 288 288 0
L 288 224 128 224 0 1 false 5 0
L 192 288 128 288 0 1 false 5 0
w 256 144 256 176 0
w 256 176 352 176 0
$ 0 0.000005 10.20027730826997 50 5 50 5e-11
f 208 176 272 176 1 1.5 0.02
f 208 272 272 272 0 1.5 0.02
w 272 192 272 224 0
w 272 224 272 256 0
w 208 176 208 224 0
w 208 224 208 272 0
L 208 224 160 224 0 1 false 5 0
M 272 224 336 224 0 2.5
R 272 160 272 112 0 0 40 5 0 0 0.5
g 272 288 272 320 0 0

